% Visanje stopnje
B = [-5/3 0; -16/3 4/3; -2 16/3; 0 18/5; 8/3 2];
Be = bezierelv(B);
Be =

  -1.66666666667               0
  -4.60000000000   1.06666666667
  -3.33333333333   3.73333333333
  -1.20000000000   4.64000000000
   0.53333333333   3.28000000000
   2.66666666667   2.00000000000

vsota =

  -7.600000000

norma =

   5.0048865011	   %najbolj oddaljena je točka c2



% Chaikinov postopek
P = [4 2; 1 4; -2 4; -4 -1;-2 -3 ;2 -2];
Pk = chaikin(P,2)
Pk =

    2.8750    2.7500
    2.1250    3.2500
    1.3750    3.6250
    0.6250    3.8750
   -0.1250    4.0000
   -0.8750    4.0000
   -1.5625    3.6875
   -2.1875    3.0625
   -2.7500    2.1250
   -3.2500    0.8750
   -3.5000   -0.1875
   -3.5000   -1.0625
   -3.2500   -1.7500
   -2.7500   -2.2500
   -2.1250   -2.5625
   -1.3750   -2.6875
   -0.5000   -2.6250
    0.5000   -2.3750

norma =

   5.6485617638



